0.000000	0.000000	
0.360000	1.560000	
1.704952	2.520094	
2.555430	3.296702	
3.439159	5.456109	
5.624188	7.636829	
8.160000	8.160000	
10.040000	10.040000	
11.280000	12.520000	
13.360000	14.960000	
15.440000	15.440000	
16.000000	17.000000	
18.160000	18.160000	
19.640000	19.640000	
20.560000	20.960000	
21.560000	21.560000	
23.760000	25.320000	
26.520000	26.520000	
26.840000	27.520000	
27.600000	31.240000	
32.360000	32.360000	
33.800000	35.000000	
36.680000	36.680000	
37.720000	38.200000	
38.600000	38.600000	
38.880000	38.880000	
39.480000	39.480000	
41.520000	45.000000	
45.840000	45.840000	
46.400000	47.880000	
48.480000	50.000000	
51.120000	52.200000	
53.680000	53.680000	
55.120000	55.120000	
56.480000	56.480000	
58.000000	58.000000	
58.960000	59.920000	
60.520000	60.520000	
60.600000	62.320000	
63.920000	64.480000	
64.800000	65.040000	
65.600000	65.600000	
66.920000	66.920000	
68.320000	68.320000	
70.160000	72.560000	
72.680000	72.680000	
74.440000	74.440000	
76.080000	76.080000	
77.360000	77.360000	
78.640000	80.000000	
80.800000	80.800000	
83.160000	83.720000	
83.840000	85.040000	
85.760000	86.200000	
86.760000	86.760000	
88.680000	88.760000	
89.240000	90.000000	
91.120000	91.720000	
92.280000	92.880000	
93.480000	94.040000	
94.160000	94.160000	
95.040000	95.600000	
95.680000	95.680000	
96.840000	96.840000	
98.560000	98.560000	
100.360000	100.360000	
100.840000	101.440000	
103.360000	103.360000	
104.760000	104.760000	
107.200000	107.760000	
108.040000	108.040000	
109.760000	110.360000	
110.840000	110.840000	
112.200000	112.200000	
113.480000	113.480000	
114.200000	114.200000	
114.960000	114.960000	
116.360000	118.120000	
119.960000	119.960000	
121.400000	121.400000	
122.080000	122.080000	
122.960000	125.040000	
126.720000	127.320000	
127.560000	128.039000	
128.600000	128.600000	
129.600000	129.600000	
130.160000	130.680000	
131.160000	131.760000	
132.800000	132.800000	
133.840000	133.840000	
135.200000	135.200000	
136.120000	136.120000	
136.720000	136.720000	
137.960000	137.960000	
138.840000	140.680000	
141.600000	141.680000	
142.480000	143.200000	
143.320000	143.320000	
144.800000	144.800000	
146.440000	147.040000	
147.520000	147.520000	
148.840000	150.080000	
150.760000	152.080000	
153.560000	154.440000	
155.120000	155.640000	
155.720000	155.720000	
156.200000	156.200000	
158.120000	158.120000	
159.960000	160.520000	
160.880000	160.880000	
161.040000	161.640000	
162.080000	162.680000	
164.200000	164.200000	
164.720000	164.720000	
165.840000	165.840000	
166.560000	168.640000	
170.120000	170.120000	
171.120000	171.720000	
172.760000	172.760000	
173.440000	173.440000	
174.840000	174.840000	
176.000000	176.600000	
176.680000	177.040000	
177.640000	177.640000	
178.960000	178.960000	
179.520000	180.080000	
181.520000	181.520000	
183.120000	183.120000	
184.720000	184.720000	
186.400000	186.400000	
188.080000	188.080000	
188.640000	188.640000	
189.080000	190.000000	
190.920000	190.920000	
192.360000	192.360000	
193.400000	193.760000	
194.360000	194.360000	
196.000000	196.000000	
197.160000	197.600000	
198.160000	198.160000	
199.760000	199.760000	
200.160000	200.160000	
200.720000	200.720000	
202.280000	204.200000	
205.280000	205.280000	
205.400000	205.880000	
205.960000	206.840000	
208.920000	208.920000	
210.320000	210.320000	
211.200000	211.200000	
211.760000	212.920000	
213.440000	213.440000	
214.640000	216.200000	
217.040000	217.280000	
217.440000	217.840000	
219.760000	220.160000	
220.760000	220.760000	
222.600000	223.080000	
223.200000	224.440000	
225.520000	225.520000	
226.880000	227.480000	
228.000000	229.240000	
229.320000	230.240000	
231.400000	233.000000	
234.480000	234.480000	
236.280000	236.280000	
237.800000	238.920000	
239.840000	239.840000	
241.560000	241.560000	
243.240000	243.240000	
244.440000	245.000000	
245.200000	245.640000	
246.240000	246.240000	
247.960000	247.960000	
248.920000	250.000000	
250.920000	250.920000	
251.960000	251.960000	
253.840000	253.840000	
255.120000	255.120000	
257.640000	257.640000	
258.279000	259.240000	
261.240000	262.640000	
263.320000	265.200000	
265.600000	266.200000	
266.680000	266.680000	
267.280000	268.480000	
269.240000	269.800000	
270.000000	270.000000	
271.600000	271.600000	
272.880000	272.880000	
274.040000	274.440000	
275.040000	275.040000	
276.640000	276.640000	
277.640000	277.640000	
279.200000	279.800000	
280.240000	280.240000	
282.320000	283.240000	
284.760000	285.200000	
285.800000	285.800000	
286.800000	286.800000	
288.360000	288.360000	
289.240000	289.440000	
290.240000	290.240000	
290.840000	290.840000	
291.120000	292.440000	
293.720000	295.000000	
295.880000	295.880000	
296.400000	298.120000	
299.000000	299.600000	
299.760000	299.760000	
301.800000	301.800000	
303.960000	303.960000	
305.280000	305.280000	
306.200000	306.200000	
307.440000	307.440000	
308.800000	309.440000	
310.280000	310.280000	
311.520000	311.520000	
312.200000	314.440000	
315.120000	315.120000	
316.800000	316.800000	
318.680000	319.280000	
319.560000	319.560000	
320.840000	320.840000	
322.400000	322.400000	
324.120000	324.120000	
324.720000	324.720000	
324.800000	324.800000	
326.320000	326.320000	
327.680000	327.760000	
328.160000	328.240000	
328.920000	328.920000	
329.480000	329.480000	
331.120000	331.880000	
332.800000	332.800000	
333.640000	333.640000	
334.160000	334.400000	
335.000000	335.000000	
336.560000	336.560000	
337.640000	337.640000	
338.960000	338.960000	
340.320000	340.920000	
341.040000	341.040000	
342.200000	342.200000	
344.200000	344.200000	
345.080000	345.080000	
346.600000	346.600000	
347.600000	347.600000	
348.360000	348.360000	
349.440000	349.960000	
350.520000	350.520000	
351.720000	351.720000	
352.280000	352.280000	
352.720000	352.720000	
353.600000	354.440000	
355.240000	356.880000	
357.480000	357.480000	
359.120000	359.120000	
360.440000	360.440000	
361.920000	362.520000	
363.040000	363.600000	
364.000000	364.000000	
365.200000	365.800000	
366.360000	366.960000	
367.360000	367.760000	
368.360000	369.600000	
371.440000	372.800000	
373.560000	373.680000	
374.760000	374.760000	
375.720000	375.720000	
376.480000	376.480000	
378.400000	378.400000	
379.600000	379.600000	
380.400000	381.520000	
382.160000	382.160000	
383.080000	383.080000	
384.520000	384.520000	
385.680000	385.680000	
386.200000	386.320000	
386.920000	388.440000	
389.960000	389.960000	
391.200000	391.200000	
392.480000	392.480000	
393.720000	393.720000	
394.920000	394.920000	
395.840000	396.320000	
396.920000	398.120000	
399.800000	400.240000	
400.360000	400.360000	
400.840000	400.840000	
402.400000	402.400000	
403.960000	403.960000	
405.440000	405.440000	
406.760000	406.760000	
408.240000	408.240000	
409.920000	409.920000	
411.600000	411.600000	
412.120000	412.120000	
413.600000	413.600000	
414.200000	414.200000	
414.800000	414.800000	
415.240000	416.960000	
417.960000	417.960000	
419.320000	419.320000	
420.760000	420.760000	
422.200000	422.200000	
423.160000	423.160000	
424.440000	424.920000	
425.000000	425.480000	
427.280000	428.640000	
429.200000	429.200000	
429.800000	429.800000	
431.120000	431.120000	
432.840000	432.840000	
433.720000	433.720000	
434.920000	436.400000	
437.680000	438.320000	
438.840000	440.000000	
441.160000	442.160000	
443.000000	443.000000	
444.760000	444.760000	
445.920000	445.920000	
447.480000	447.480000	
448.880000	449.520000	
450.160000	450.640000	
450.720000	450.720000	
453.000000	453.160000	
453.560000	453.680000	
455.480000	456.960000	
458.200000	458.200000	
458.760000	459.760000	
459.880000	459.880000	
461.600000	461.600000	
464.640000	464.640000	
465.280000	465.440000	
465.960000	467.480000	
468.200000	468.800000	
469.240000	469.240000	
469.920000	470.000000	
470.600000	470.600000	
471.040000	471.600000	
472.480000	472.480000	
473.840000	473.840000	
475.480000	475.480000	
477.080000	477.080000	
478.720000	479.280000	
479.640000	481.320000	
482.200000	482.800000	
482.960000	483.240000	
483.760000	483.760000	
485.040000	485.280000	
485.840000	485.840000	
487.520000	487.520000	
489.360000	489.360000	
490.360000	490.360000	
491.280000	491.280000	
492.880000	492.880000	
494.880000	494.880000	
496.040000	496.040000	
497.400000	497.400000	
498.880000	498.880000	
499.400000	500.360000	
500.880000	500.880000	
502.200000	503.480000	
503.720000	504.240000	
504.880000	504.880000	
506.880000	506.880000	
508.400000	508.400000	
509.720000	509.720000	
510.560000	510.560000	
512.280000	512.280000	
513.320000	513.880000	
514.360000	514.360000	
515.360000	515.360000	
517.320000	517.320000	
518.679000	518.679000	
520.679000	520.679000	
521.880000	521.880000	
523.919000	524.480000	
525.160000	525.160000	
526.480000	526.480000	
527.960000	528.520000	
528.920000	529.040000	
530.120000	530.120000	
530.480000	530.480000	
530.960000	532.280000	
532.800000	532.800000	
534.160000	534.720000	
535.400000	535.400000	
537.160000	537.160000	
538.680000	539.440000	
540.360000	541.680000	
542.560000	542.560000	
543.680000	544.200000	
544.400000	544.960000	
545.120000	545.320000	
545.800000	545.920000	
546.920000	547.440000	
548.000000	548.000000	
549.080000	549.720000	
550.360000	550.360000	
552.040000	553.560000	
554.000000	554.000000	
555.040000	555.640000	
555.720000	555.720000	
555.800000	556.800000	
557.400000	557.400000	
558.960000	558.960000	
560.000000	560.000000	
561.320000	561.320000	
561.880000	562.480000	
563.080000	563.080000	
564.440000	565.600000	
566.960000	568.600000	
569.120000	569.720000	
570.280000	570.280000	
570.800000	570.800000	
573.120000	573.680000	
574.240000	574.960000	
575.680000	576.240000	
576.840000	576.840000	
578.360000	578.360000	
579.760000	579.760000	
580.680000	580.680000	
581.880000	583.960000	
585.360000	585.960000	
586.560000	586.560000	
588.680000	588.680000	
590.040000	590.040000	
590.880000	590.880000	
591.760000	592.520000	
593.800000	594.360000	
594.760000	595.080000	
595.680000	596.320000	
596.400000	598.720000	
599.440000	599.440000	
600.160000	600.600000	
600.960000	601.240000	
601.720000	602.320000	
603.800000	603.800000	
605.160000	605.160000	
606.480000	607.800000	
608.160000	608.760000	
609.440000	610.480000	
611.040000	611.200000	
611.840000	612.440000	
613.120000	614.360000	
614.960000	614.960000	
615.920000	615.920000	
617.400000	617.400000	
617.960000	617.960000	
618.560000	620.760000	
621.200000	621.720000	
622.320000	622.320000	
622.880000	625.800000	
626.400000	626.400000	
627.320000	627.320000	
629.360000	629.360000	
630.200000	630.200000	
630.800000	630.800000	
632.760000	632.760000	
634.480000	635.080000	
635.160000	635.160000	
636.760000	636.760000	
638.920000	639.520000	
639.640000	639.640000	
639.840000	639.840000	
640.440000	642.240000	
643.560000	645.040000	
645.840000	645.840000	
646.480000	647.400000	
648.640000	649.000000	
649.600000	649.600000	
651.120000	651.120000	
651.880000	652.840000	
654.240000	655.000000	
656.360000	656.960000	
657.400000	658.400000	
659.120000	659.560000	
659.680000	661.920000	
663.360000	663.360000	
664.640000	665.200000	
665.720000	667.000000	
667.800000	668.320000	
668.400000	668.880000	
669.400000	670.440000	
671.040000	671.040000	
672.440000	672.440000	
673.000000	673.600000	
675.040000	675.040000	
676.400000	676.400000	
678.040000	678.040000	
678.520000	678.520000	
679.080000	679.320000	
679.920000	679.920000	
681.240000	681.240000	
681.800000	681.800000	
682.320000	682.400000	
683.320000	686.200000	
686.640000	687.200000	
687.600000	687.600000	
688.880000	691.280000	
691.920000	692.360000	
693.360000	693.360000	
694.720000	694.720000	
695.280000	695.680000	
695.800000	695.800000	
697.120000	697.960000	
698.040000	698.040000	
699.240000	699.800000	
700.320000	701.920000	
703.360000	703.360000	
704.800000	705.840000	
706.840000	707.440000	
707.560000	707.560000	
708.880000	709.960000	
710.080000	711.400000	
713.240000	713.240000	
714.720000	716.040000	
719.960000	719.960000	
720.080000	720.080000	
722.720000	722.800000	
722.920000	723.400000	
724.720000	724.720000	
725.280000	726.600000	
727.320000	727.320000	
728.520000	730.320000	
730.920000	731.320000	
731.400000	731.920000	
732.000000	732.000000	
733.760000	733.760000	
734.760000	734.760000	
735.880000	736.880000	
737.960000	739.000000	
740.520000	741.360000	
742.800000	743.360000	
743.680000	743.680000	
745.080000	746.200000	
747.400000	747.400000	
749.120000	749.520000	
750.080000	750.080000	
751.040000	751.640000	
752.240000	752.240000	
753.480000	755.080000	
755.960000	757.960000	
758.080000	759.040000	
759.920000	761.360000	
761.920000	762.720000	
762.920000	763.160000	
763.760000	763.760000	
764.440000	766.440000	
766.400000	766.400000	
767.040000	770.080000	
771.480000	772.960000	
773.720000	774.280000	
774.480000	774.880000	
775.440000	775.440000	
777.040000	777.040000	
778.000000	780.000000	
781.240000	781.320000	
781.840000	781.920000	
783.840000	783.840000	
785.040000	785.040000	
785.640000	786.800000	
786.960000	786.960000	
788.560000	789.160000	
789.720000	790.840000	
790.920000	791.400000	
791.480000	793.280000	
794.000000	794.960000	
796.200000	796.760000	
797.280000	797.280000	
797.720000	799.440000	
800.120000	800.120000	
800.680000	800.680000	
802.520000	802.520000	
804.000000	804.000000	
804.560000	804.560000	
804.920000	804.920000	
806.160000	806.160000	
807.240000	807.760000	
807.840000	807.840000	
809.400000	809.400000	
811.040000	811.040000	
812.720000	812.720000	
814.520000	814.520000	
815.960000	815.960000	
817.480000	817.480000	
818.040000	818.040000	
819.000000	820.560000	
821.400000	821.400000	
822.480000	822.480000	
823.480000	824.040000	
824.440000	824.440000	
824.840000	825.320000	
826.360000	826.520000	
826.920000	826.920000	
827.040000	829.200000	
830.040000	830.040000	
831.120000	831.560000	
832.160000	832.160000	
833.160000	835.280000	
835.600000	836.080000	
836.160000	837.240000	
837.720000	837.720000	
838.960000	839.520000	
839.840000	839.840000	
840.120000	842.520000	
843.720000	844.200000	
844.320000	844.320000	
844.800000	845.360000	
845.840000	846.560000	
847.320000	847.720000	
848.240000	849.960000	
850.520000	850.760000	
851.360000	851.360000	
851.800000	852.360000	
853.720000	854.320000	
854.560000	854.560000	
855.360000	855.360000	
856.680000	856.680000	
858.240000	860.040000	
860.640000	860.640000	
860.880000	860.880000	
862.240000	862.240000	
863.880000	863.880000	
865.280000	865.880000	
866.360000	868.520000	
869.200000	869.800000	
870.040000	870.040000	
871.440000	871.440000	
871.960000	872.560000	
873.800000	873.800000	
875.120000	876.520000	
878.600000	879.440000	
880.440000	880.440000	
881.040000	881.040000	
881.240000	881.240000	
882.480000	882.680000	
883.280000	885.320000	
885.920000	886.240000	
886.400000	887.560000	
888.080000	889.320000	
890.080000	893.240000	
893.800000	894.200000	
895.000000	896.000000	
897.280000	897.440000	
897.840000	898.000000	
898.400000	898.400000	
899.000000	899.960000	
900.760000	901.680000	
902.440000	902.440000	
903.640000	903.960000	
904.560000	904.560000	
906.280000	907.520000	
908.480000	908.480000	
908.800000	908.800000	
909.400000	909.400000	
911.120000	911.720000	
912.200000	914.000000	
914.600000	914.600000	
914.800000	915.600000	
917.400000	917.400000	
918.400000	918.400000	
919.680000	919.680000	
922.440000	922.440000	
924.440000	924.440000	
926.040000	926.040000	
927.440000	927.960000	
928.600000	929.240000	
929.800000	929.800000	
931.320000	931.320000	
932.280000	932.840000	
933.440000	933.560000	
934.000000	934.080000	
934.720000	935.400000	
937.480000	938.800000	
940.440000	940.520000	
941.040000	941.040000	
941.680000	941.680000	
941.920000	942.120000	
942.720000	942.720000	
943.640000	944.560000	
945.120000	945.120000	
945.480000	945.480000	
946.720000	946.720000	
948.600000	948.600000	
949.520000	949.520000	
950.840000	950.840000	
952.200000	952.200000	
954.040000	954.040000	
954.440000	954.440000	
955.040000	955.040000	
956.800000	956.800000	
958.560000	958.560000	
960.080000	960.080000	
960.680000	960.920000	
962.480000	963.560000	
964.960000	964.960000	
967.240000	967.560000	
968.160000	969.440000	
970.600000	970.600000	
972.040000	972.040000	
973.440000	973.440000	
974.440000	974.440000	
975.640000	975.640000	
977.120000	977.880000	
979.360000	979.360000	
980.840000	981.440000	
982.400000	982.480000	
983.080000	983.080000	
983.680000	983.680000	
984.840000	984.840000	
985.360000	985.800000	
986.000000	986.000000	
987.600000	987.600000	
989.960000	989.960000	
990.920000	990.920000	
991.840000	991.840000	
992.120000	993.520000	
994.720000	996.520000	
997.080000	997.080000	
997.680000	998.120000	
999.640000	999.640000	
1000.600000	1001.240000	
1002.920000	1003.480000	
1003.960000	1003.960000	
1004.960000	1004.960000	
1006.440000	1006.440000	
1008.920000	1008.920000	
1009.040000	1009.520000	
1010.960000	1010.960000	
1011.720000	1012.760000	
1014.520000	1015.120000	
1015.400000	1015.400000	
1016.840000	1016.840000	
1017.400000	1017.400000	
1017.960000	1019.480000	
1020.760000	1020.760000	
1022.680000	1022.680000	
1023.720000	1023.720000	
1023.880000	1024.480000	
1025.240000	1025.599000	
1026.000000	1026.000000	
1027.520000	1027.520000	
1028.079000	1029.960000	
1030.119000	1030.720000	
1032.440000	1032.440000	
1033.119000	1033.119000	
1033.839000	1034.119000	
1034.720000	1034.720000	
1036.800000	1036.800000	
1038.040000	1038.040000	
1039.920000	1039.920000	
1040.240000	1040.839000	
1041.400000	1041.960000	
1042.520000	1042.520000	
1044.000000	1044.000000	
1044.599000	1047.119000	
1047.200000	1047.200000	
1048.840000	1048.840000	
1050.120000	1050.640000	
1050.720000	1050.720000	
1052.560000	1052.560000	
1054.160000	1055.360000	
1056.200000	1056.200000	
1057.280000	1057.880000	
1058.120000	1058.120000	
1060.240000	1060.240000	
1062.280000	1062.280000	
1063.400000	1063.400000	
1063.640000	1065.000000	
1065.800000	1065.800000	
1067.280000	1067.280000	
1068.480000	1068.480000	
1069.920000	1069.920000	
1071.160000	1071.160000	
1071.880000	1072.000000	
1073.720000	1073.720000	
1075.400000	1075.400000	
1077.200000	1077.200000	
1078.520000	1078.520000	
1080.160000	1081.200000	
1082.640000	1082.640000	
1083.960000	1084.520000	
1084.920000	1084.920000	
1085.200000	1085.760000	
1087.360000	1087.880000	
1089.600000	1089.600000	
1091.680000	1091.680000	
1094.840000	1094.840000	
1095.960000	1095.960000	
1097.480000	1097.480000	
1098.320000	1098.320000	
1099.280000	1100.440000	
1102.400000	1102.400000	
1102.920000	1102.920000	
1103.000000	1104.200000	
1105.440000	1108.160000	
1110.320000	1110.320000	
1111.800000	1111.800000	
1112.360000	1112.360000	
1112.840000	1112.840000	
1115.240000	1115.240000	
1116.000000	1116.000000	
1117.920000	1117.920000	
1118.200000	1118.200000	
1118.760000	1118.760000	
1120.040000	1120.040000	
1120.320000	1120.320000	
1121.840000	1122.760000	
1123.160000	1123.160000	
1123.680000	1123.760000	
1124.960000	1125.520000	
1126.360000	1126.360000	
1126.440000	1127.520000	
1129.000000	1129.000000	
1130.240000	1130.240000	
1130.840000	1131.440000	
1133.960000	1133.960000	
1135.000000	1135.000000	
1136.400000	1136.400000	
1138.600000	1138.600000	
1141.040000	1141.040000	
1142.640000	1142.640000	
1143.880000	1143.880000	
1145.280000	1145.280000	
1148.120000	1148.120000	
1150.040000	1150.040000	
1151.840000	1151.840000	
1153.640000	1153.640000	
1155.440000	1155.440000	
1156.560000	1159.000000	
1160.480000	1160.480000	
1160.600000	1160.600000	
1161.040000	1161.040000	
1161.160000	1161.160000	
1162.560000	1163.120000	
1163.680000	1163.800000	
1164.280000	1164.400000	
1165.600000	1168.440000	
1169.040000	1169.040000	
1169.280000	1169.880000	
1171.360000	1171.960000	
1172.120000	1172.120000	
1173.480000	1173.480000	
1174.720000	1174.720000	
1175.480000	1175.480000	
1177.000000	1177.000000	
1178.600000	1178.600000	
1179.200000	1179.480000	
1180.440000	1180.440000	
1182.000000	1183.480000	
1183.960000	1183.960000	
1184.080000	1184.080000	
1185.680000	1185.680000	
1187.400000	1188.000000	
1188.640000	1188.640000	
1189.200000	1189.200000	
1190.000000	1191.680000	
1193.000000	1193.320000	
1193.880000	1193.880000	
1195.000000	1196.000000	
1197.360000	1197.360000	
1197.920000	1198.320000	
1199.240000	1199.240000	
1200.560000	1201.160000	
1201.680000	1201.680000	
1203.080000	1203.680000	
1205.000000	1205.000000	
1205.720000	1205.720000	
1207.560000	1207.560000	
1208.480000	1208.480000	
1210.160000	1211.240000	
1212.360000	1212.360000	
1213.280000	1214.160000	
1214.960000	1214.960000	
1215.520000	1215.760000	
1216.360000	1217.240000	
1217.720000	1218.720000	
1219.280000	1219.280000	
1220.880000	1221.440000	
1221.560000	1222.960000	
1223.600000	1224.640000	
1225.040000	1225.040000	
1225.600000	1225.600000	
1227.480000	1228.560000	
1230.000000	1230.000000	
1231.560000	1231.560000	
1232.240000	1232.240000	
1233.680000	1235.000000	
1238.720000	1238.720000	
1239.320000	1239.320000	
1239.720000	1239.840000	
1240.560000	1240.560000	
1241.960000	1241.960000	
1243.720000	1245.320000	
1246.880000	1247.960000	
1249.280000	1250.000000	
1251.600000	1251.600000	
1252.720000	1252.720000	
1254.040000	1254.040000	
1255.200000	1256.000000	
1256.080000	1256.200000	
1257.440000	1260.000000	
1261.800000	1261.800000	
1261.920000	1261.920000	
1263.600000	1263.600000	
1264.520000	1264.520000	
1265.760000	1266.360000	
1266.920000	1267.520000	
1268.080000	1268.080000	
1269.600000	1269.600000	
1270.960000	1271.520000	
1271.640000	1271.640000	
1273.040000	1273.040000	
1273.640000	1274.680000	
1274.960000	1275.560000	
1276.880000	1277.400000	
1278.040000	1278.920000	
1279.520000	1279.520000	
1280.400000	1281.720000	
1282.320000	1282.320000	
1282.880000	1282.880000	
1284.520000	1284.520000	
1285.120000	1285.120000	
1286.440000	1286.440000	
1289.040000	1289.040000	
1289.840000	1289.840000	
1290.480000	1291.080000	
1291.200000	1291.200000	
1292.560000	1293.160000	
1293.760000	1293.760000	
1294.440000	1295.120000	
1296.840000	1297.320000	
1297.400000	1297.920000	
1298.800000	1298.800000	
1299.120000	1299.720000	
1301.840000	1301.840000	
1302.400000	1303.200000	
1303.760000	1304.360000	
1304.840000	1304.840000	
1305.400000	1305.840000	
1306.440000	1306.440000	
1308.120000	1308.120000	
1309.080000	1309.680000	
1311.200000	1311.720000	
1312.080000	1313.040000	
1314.360000	1315.720000	
1316.280000	1316.280000	
1316.760000	1316.760000	
1316.880000	1316.880000	
1317.360000	1317.360000	
1318.600000	1320.040000	
1320.640000	1320.640000	
1321.280000	1321.920000	
1322.520000	1322.520000	
1323.160000	1323.720000	
1325.080000	1326.080000	
1327.520000	1327.520000	
1328.720000	1329.960000	
1330.720000	1330.720000	
1332.400000	1332.400000	
1332.920000	1333.480000	
1334.440000	1334.520000	
1335.000000	1335.080000	
1335.680000	1338.120000	
1339.280000	1339.280000	
1340.160000	1341.240000	
1342.000000	1342.000000	
1342.880000	1343.920000	
1345.520000	1346.320000	
1347.080000	1348.200000	
1349.480000	1349.480000	
1351.320000	1351.320000	
1353.240000	1353.800000	
1354.200000	1354.200000	
1355.400000	1357.040000	
1357.960000	1357.960000	
1359.520000	1359.520000	
1361.280000	1361.280000	
1362.640000	1362.640000	
1364.560000	1364.560000	
1366.000000	1366.000000	
1366.560000	1366.560000	
1366.800000	1368.120000	
1369.360000	1369.360000	
1370.600000	1370.920000	
1371.520000	1371.520000	
1373.720000	1374.240000	
1374.840000	1377.120000	
1377.400000	1377.880000	
1377.960000	1380.000000	
1380.800000	1382.160000	
1383.040000	1383.040000	
1384.320000	1384.320000	
1385.000000	1385.000000	
1386.040000	1386.600000	
1386.920000	1386.920000	
1388.160000	1388.480000	
1389.080000	1389.080000	
1390.360000	1390.960000	
1391.560000	1391.560000	
1393.240000	1393.800000	
1394.120000	1394.600000	
1394.680000	1395.760000	
1396.040000	1396.040000	
1396.960000	1396.960000	
1398.200000	1398.200000	
1399.520000	1399.520000	
1399.920000	1399.920000	
1400.480000	1400.480000	
1402.480000	1402.480000	
1404.160000	1404.160000	
1405.080000	1405.840000	
1407.480000	1407.480000	
1409.040000	1409.040000	
1410.000000	1411.320000	
1411.920000	1412.040000	
1412.480000	1412.640000	
1414.560000	1414.560000	
1415.040000	1415.120000	
1415.600000	1417.400000	
1417.920000	1418.480000	
1419.000000	1420.160000	
1421.440000	1421.440000	
1422.080000	1425.040000	
1426.120000	1426.320000	
1426.920000	1426.920000	
1428.880000	1428.880000	
1430.000000	1430.000000	
1430.760000	1432.480000	
1433.680000	1433.680000	
1434.960000	1434.960000	
1435.880000	1435.880000	
1436.720000	1436.720000	
1438.160000	1438.160000	
1439.400000	1439.400000	
1439.600000	1440.160000	
1441.240000	1441.240000	
1441.800000	1441.800000	
1442.560000	1443.880000	
1445.160000	1445.160000	
1446.600000	1446.600000	
1448.200000	1448.200000	
1449.600000	1449.600000	
1451.360000	1451.360000	
1453.320000	1453.320000	
1454.560000	1454.560000	
1455.800000	1455.800000	
1457.680000	1457.680000	
1458.920000	1458.920000	
1460.000000	1461.760000	
1462.160000	1463.360000	
1463.960000	1465.040000	
1466.440000	1467.720000	
1469.280000	1470.000000	
1471.120000	1471.120000	
1472.440000	1472.440000	
1473.760000	1473.760000	
1474.960000	1474.960000	
1476.360000	1476.360000	
1476.960000	1477.400000	
1478.000000	1478.400000	
1479.880000	1479.880000	
1480.280000	1480.280000	
1481.120000	1481.680000	
1482.240000	1482.840000	
1483.400000	1483.400000	
1484.640000	1485.280000	
1485.840000	1485.840000	
1486.880000	1486.880000	
1487.840000	1491.080000	
1492.440000	1492.440000	
1494.680000	1495.240000	
1495.400000	1495.920000	
1496.000000	1497.600000	
1498.280000	1498.280000	
1498.840000	1499.480000	
1500.880000	1500.880000	
1501.120000	1501.120000	
1501.760000	1501.880000	
1502.440000	1502.440000	
1503.040000	1503.600000	
1504.320000	1504.640000	
1505.200000	1505.320000	
1505.800000	1507.440000	
1508.040000	1508.040000	
1509.840000	1510.400000	
1510.880000	1510.880000	
1512.120000	1512.120000	
1512.200000	1513.040000	
1513.760000	1514.280000	
1514.760000	1514.760000	
1514.880000	1515.320000	
1516.360000	1517.680000	
1519.080000	1519.080000	
1519.720000	1519.720000	
1520.360000	1521.080000	
1522.600000	1522.600000	
1523.600000	1523.600000	
1525.160000	1525.640000	
1525.760000	1526.200000	
1527.640000	1527.640000	
1528.640000	1528.640000	
1530.000000	1530.560000	
1530.680000	1530.680000	
1532.480000	1533.080000	
1533.160000	1533.160000	
1534.440000	1534.440000	
1535.000000	1535.760000	
1536.480000	1536.480000	
1537.760000	1538.280000	
1538.360000	1539.840000	
1541.520000	1541.520000	
1542.080000	1542.080000	
1542.640000	1542.640000	
1544.320000	1544.840000	
1545.560000	1545.560000	
1545.960000	1546.440000	
1546.560000	1546.560000	
1547.120000	1547.360000	
1548.880000	1549.440000	
1550.000000	1551.720000	
1552.640000	1552.640000	
1553.960000	1553.960000	
1555.000000	1556.200000	
1557.480000	1558.040000	
1558.640000	1558.640000	
1560.240000	1560.240000	
1561.040000	1561.040000	
1561.840000	1561.840000	
1563.240000	1564.800000	
1565.000000	1567.520000	
1568.520000	1568.520000	
1570.040000	1570.040000	
1570.960000	1570.960000	
1572.280000	1572.280000	
1573.600000	1574.440000	
1575.200000	1575.200000	
1577.440000	1577.440000	
1578.040000	1578.520000	
1579.200000	1580.320000	
1580.760000	1581.480000	
1582.360000	1582.360000	
1583.880000	1584.480000	
1584.960000	1584.960000	
1586.400000	1587.000000	
1587.120000	1587.120000	
1588.000000	1588.000000	
1589.320000	1589.320000	
1589.920000	1591.920000	
1592.480000	1592.480000	
1592.800000	1592.800000	
1594.640000	1594.640000	
1594.840000	1595.400000	
1596.920000	1596.920000	
1598.120000	1598.120000	
1598.680000	1598.680000	
1599.240000	1602.240000	
1603.720000	1605.000000	
1606.640000	1606.640000	
1608.000000	1608.000000	
1609.480000	1609.480000	
1610.880000	1612.000000	
1612.080000	1612.080000	
1612.720000	1613.440000	
1614.680000	1614.680000	
1615.400000	1615.400000	
1616.280000	1617.040000	
1617.920000	1619.160000	
1619.880000	1619.880000	
1621.200000	1621.200000	
1622.360000	1622.360000	
1623.160000	1623.160000	
1624.720000	1624.720000	
1626.480000	1626.480000	
1627.720000	1627.720000	
1628.320000	1628.880000	
1630.280000	1631.320000	
1632.000000	1632.760000	
1633.960000	1633.960000	
1635.240000	1635.240000	
1636.280000	1636.880000	
1638.640000	1640.320000	
1641.680000	1641.680000	
1642.240000	1642.640000	
1643.560000	1643.560000	
1644.040000	1644.040000	
1644.120000	1644.640000	
1645.920000	1645.920000	
1647.720000	1647.720000	
1649.760000	1650.280000	
1650.760000	1650.760000	
1651.360000	1651.920000	
1652.840000	1652.840000	
1654.560000	1655.120000	
1655.480000	1657.200000	
1658.000000	1659.600000	
1660.160000	1660.920000	
1661.560000	1662.360000	
1663.840000	1663.840000	
1665.000000	1665.240000	
1666.560000	1666.560000	
1668.120000	1668.440000	
1668.600000	1668.600000	
1668.680000	1668.680000	
1668.840000	1668.840000	
1669.240000	1670.600000	
1671.120000	1671.840000	
1672.880000	1672.880000	
1673.040000	1673.640000	
1674.960000	1674.960000	
1676.280000	1676.280000	
1678.000000	1678.440000	
1679.040000	1679.040000	
1680.040000	1681.880000	
1683.240000	1683.240000	
1684.240000	1684.240000	
1684.920000	1684.920000	
1687.120000	1687.120000	
1688.040000	1688.960000	
1690.600000	1690.600000	
1692.000000	1693.000000	
1694.320000	1694.880000	
1695.080000	1695.080000	
1695.280000	1695.880000	
1696.960000	1697.400000	
1697.920000	1698.480000	
1699.040000	1699.040000	
1699.560000	1700.720000	
1700.800000	1700.800000	
1702.040000	1702.040000	
1703.600000	1704.160000	
1704.680000	1705.240000	
1705.480000	1705.480000	
1705.640000	1705.640000	
1706.080000	1706.240000	
1706.360000	1706.360000	
1706.960000	1706.960000	
1708.360000	1709.000000	
1709.080000	1711.080000	
1711.800000	1715.360000	
1717.160000	1717.160000	
1717.720000	1717.720000	
1718.320000	1718.640000	
1719.240000	1719.240000	
1720.040000	1720.040000	
1721.320000	1722.560000	
1723.120000	1723.720000	
1723.920000	1724.120000	
1724.720000	1724.720000	
1726.280000	1726.280000	
1728.120000	1728.720000	
1729.000000	1729.000000	
1730.400000	1730.400000	
1731.680000	1731.680000	
1733.080000	1733.080000	
1733.360000	1733.360000	
1734.360000	1735.200000	
1736.160000	1736.560000	
1737.160000	1737.160000	
1738.480000	1738.480000	
1740.120000	1740.120000	
1740.680000	1740.680000	
1742.240000	1742.240000	
1743.640000	1743.640000	
1745.160000	1745.760000	
1745.880000	1745.880000	
1746.280000	1746.280000	
1746.880000	1747.720000	
1748.800000	1748.800000	
1750.160000	1750.160000	
1751.600000	1751.600000	
1753.120000	1753.120000	
1755.080000	1756.760000	
1757.200000	1757.760000	
1758.280000	1758.280000	
1759.680000	1760.240000	
1760.440000	1760.440000	
1761.360000	1761.360000	
1761.920000	1762.520000	
1764.360000	1764.360000	
1765.360000	1766.560000	
1768.000000	1768.000000	
1769.600000	1769.600000	
1771.120000	1771.120000	
1772.560000	1772.560000	
1773.200000	1773.200000	
1773.760000	1774.360000	
1774.960000	1774.960000	
1776.080000	1776.640000	
1778.120000	1779.520000	
1780.000000	1780.600000	
1781.600000	1782.200000	
1782.640000	1783.120000	
1783.200000	1783.840000	
1784.960000	1784.960000	
1785.760000	1786.680000	
1786.960000	1787.560000	
1789.480000	1792.360000	
1794.240000	1795.600000	
1797.000000	1797.600000	
1799.760000	1799.760000	
1800.920000	1801.800000	
1802.520000	1802.520000	
1803.920000	1803.920000	
1805.920000	1807.680000	
1809.640000	1809.640000	
1809.800000	1810.120000	
1810.720000	1813.000000	
1815.040000	1815.920000	
1817.520000	1817.520000	
1818.360000	1818.600000	
1819.760000	1819.760000	
1820.760000	1820.760000	
1821.320000	1821.320000	
1822.240000	1822.240000	
1823.640000	1824.200000	
1824.800000	1825.360000	
1825.880000	1825.880000	
1827.280000	1827.280000	
1827.520000	1828.120000	
1830.360000	1831.000000	
1831.800000	1831.800000	
1832.400000	1832.400000	
1833.240000	1833.240000	
1834.400000	1834.720000	
1835.320000	1835.320000	
1836.920000	1838.160000	
1838.680000	1839.280000	
1839.640000	1840.200000	
1841.560000	1843.040000	
1845.120000	1845.120000	
1847.080000	1847.080000	
1848.800000	1848.800000	
1849.360000	1849.360000	
1849.960000	1849.960000	
1851.360000	1851.360000	
1851.920000	1852.280000	
1853.480000	1853.480000	
1853.560000	1853.560000	
1854.160000	1855.600000	
1856.840000	1856.840000	
1858.080000	1858.680000	
1858.960000	1858.960000	
1859.240000	1859.840000	
1861.400000	1862.960000	
1863.360000	1863.360000	
1863.960000	1864.880000	
1865.640000	1865.720000	
1866.240000	1866.600000	
1867.200000	1868.600000	
1869.440000	1870.360000	
1870.960000	1871.400000	
1871.920000	1872.000000	
1872.560000	1874.480000	
1875.040000	1876.160000	
1876.920000	1876.920000	
1878.160000	1878.160000	
1879.800000	1879.800000	
1881.000000	1881.000000	
1883.120000	1883.120000	
1884.600000	1884.600000	
1885.160000	1885.160000	
1886.080000	1886.080000	
1887.920000	1888.520000	
1888.640000	1888.640000	
1890.000000	1890.000000	
1891.600000	1891.600000	
1892.160000	1892.160000	
1892.760000	1893.320000	
1893.920000	1896.760000	
1898.080000	1898.080000	
1898.960000	1898.960000	
1899.400000	1899.400000	
1900.000000	1901.760000	
1902.560000	1903.880000	
1905.000000	1906.920000	
1907.240000	1908.000000	
1909.000000	1909.560000	
1910.040000	1910.040000	
1911.920000	1913.080000	
1913.760000	1915.240000	
1916.200000	1916.200000	
1918.080000	1918.640000	
1919.120000	1919.120000	
1919.600000	1919.680000	
1920.160000	1920.160000	
1921.560000	1922.200000	
1923.240000	1925.040000	
1925.120000	1925.120000	
1926.360000	1926.360000	
1927.200000	1928.040000	
1928.600000	1929.440000	
1930.040000	1930.040000	
1931.880000	1931.880000	
1933.800000	1933.800000	
1935.080000	1935.080000	
1937.080000	1937.080000	
1937.160000	1937.160000	
1938.240000	1939.920000	
1941.160000	1941.720000	
1942.200000	1943.080000	
1943.240000	1943.840000	
1945.040000	1946.440000	
1947.040000	1947.040000	
1947.440000	1948.800000	
1949.960000	1949.960000	
1951.720000	1951.720000	
1953.200000	1953.200000	
1954.160000	1954.720000	
1955.280000	1957.000000	
1958.600000	1960.000000	
1960.920000	1960.920000	
1962.320000	1962.320000	
1962.880000	1962.880000	
1963.520000	1964.200000	
1964.840000	1966.320000	
1967.560000	1967.560000	
1967.680000	1967.680000	
1968.640000	1968.640000	
1970.040000	1970.040000	
1970.600000	1970.600000	
1970.800000	1970.920000	
1971.400000	1974.200000	
1975.600000	1975.600000	
1976.160000	1976.160000	
1977.840000	1977.840000	
1978.640000	1978.640000	
1979.240000	1979.240000	
1980.000000	1981.040000	
1982.320000	1982.440000	
1982.880000	1982.880000	
1983.040000	1984.520000	
1986.240000	1986.240000	
1988.120000	1988.120000	
1990.560000	1991.160000	
1992.000000	1992.000000	
1992.800000	1992.800000	
1993.800000	1994.320000	
1994.920000	1994.920000	
1996.160000	1996.720000	
1997.120000	1997.120000	
1998.160000	1998.920000	
2000.120000	2000.720000	
2001.240000	2001.240000	
2001.920000	2001.920000	
2002.520000	2002.520000	
2003.880000	2003.880000	
2005.200000	2007.400000	
2007.880000	2007.880000	
2007.960000	2010.040000	
2010.800000	2012.400000	
2013.880000	2015.000000	
2015.960000	2016.560000	
2017.360000	2017.360000	
2018.000000	2018.000000	
2018.600000	2018.960000	
2019.560000	2021.000000	
2021.160000	2021.160000	
2021.440000	2023.720000	
2024.040000	2024.040000	
2024.560000	2025.840000	
2027.600000	2028.160000	
2028.680000	2028.680000	
2029.280000	2029.280000	
2029.600000	2029.760000	
2030.320000	2030.880000	
2031.040000	2031.600000	
2032.160000	2032.720000	
2033.320000	2034.080000	
2035.120000	2035.120000	
2035.680000	2035.680000	
2035.800000	2038.480000	
2039.080000	2039.080000	
2040.320000	2040.920000	
2041.280000	2041.280000	
2042.040000	2042.040000	
2042.600000	2042.600000	
2042.880000	2042.880000	
2043.440000	2043.440000	
2043.920000	2043.920000	
2044.520000	2047.160000	
2047.760000	2050.800000	
2050.920000	2050.920000	
2053.159000	2053.159000	
2054.120000	2054.719000	
2055.040000	2055.120000	
2055.600000	2055.719000	
2056.199000	2056.199000	
2056.280000	2056.280000	
2056.880000	2056.880000	
2058.199000	2058.600000	
2059.199000	2059.199000	
2060.000000	2060.000000	
2060.880000	2062.159000	
2062.280000	2062.880000	
2063.920000	2064.800000	
2066.040000	2066.040000	
2068.000000	2068.560000	
2068.960000	2068.960000	
2070.280000	2070.280000	
2071.600000	2072.159000	
2072.639000	2073.239000	
2073.360000	2073.360000	
2074.840000	2074.840000	
2076.320000	2076.320000	
2076.480000	2077.080000	
2078.639000	2079.280000	
2080.000000	2080.960000	
2082.480000	2082.960000	
2083.080000	2085.719000	
2086.199000	2087.600000	
2088.159000	2088.239000	
2088.360000	2088.360000	
2088.880000	2088.960000	
2090.560000	2091.159000	
2091.600000	2091.600000	
2091.760000	2092.360000	
2093.040000	2096.239000	
2096.840000	2096.840000	
2097.200000	2097.800000	
2099.320000	2099.920000	
2100.320000	2100.840000	
2100.920000	2101.440000	
2102.840000	2104.760000	
2104.840000	2104.840000	
2105.320000	2105.400000	
2107.120000	2108.040000	
2108.120000	2108.880000	
2109.360000	2109.480000	
2109.960000	2109.960000	
2111.480000	2111.480000	
2112.920000	2112.920000	
2113.880000	2113.880000	
2115.440000	2115.440000	
2117.280000	2118.360000	
2118.480000	2118.480000	
2119.720000	2119.720000	
2120.920000	2120.920000	
2121.720000	2121.720000	
2122.040000	2123.360000	
2124.120000	2124.120000	
2125.000000	2126.760000	
2127.280000	2127.280000	
2128.440000	2129.800000	
2130.960000	2131.120000	
2131.720000	2133.560000	
2134.000000	2134.320000	
2134.920000	2136.600000	
2137.080000	2137.160000	
2138.960000	2138.960000	
2139.360000	2139.960000	
2141.480000	2141.480000	
2142.640000	2142.640000	
2144.160000	2144.160000	
2145.680000	2145.680000	
2146.240000	2146.240000	
2146.520000	2146.520000	
2147.120000	2147.120000	
2148.400000	2148.400000	
2149.000000	2149.960000	
2151.440000	2151.440000	
2152.840000	2152.840000	
2153.400000	2153.400000	
2153.640000	2153.640000	
2154.480000	2154.600000	
2154.880000	2155.000000	
2155.440000	2155.440000	
2155.760000	2158.160000	
2159.360000	2159.920000	
2160.320000	2160.480000	
2161.080000	2162.440000	
2163.000000	2163.240000	
2163.440000	2164.040000	
2165.400000	2167.240000	
2168.800000	2170.160000	
2172.160000	2172.160000	
2172.720000	2172.720000	
2172.920000	2172.920000	
2173.480000	2173.480000	
2174.080000	2174.080000	
2175.600000	2175.600000	
2177.560000	2177.560000	
2179.000000	2179.080000	
2179.600000	2179.600000	
2179.680000	2180.800000	
2181.640000	2182.200000	
2182.800000	2182.800000	
2183.240000	2183.840000	
2185.040000	2185.040000	
2186.440000	2186.440000	
2188.600000	2188.600000	
2189.120000	2189.120000	
2189.720000	2190.680000	
2191.920000	2192.480000	
2192.720000	2193.160000	
2193.760000	2195.040000	
2195.520000	2195.600000	
2196.120000	2196.120000	
2196.480000	2198.160000	
2199.440000	2199.440000	
2200.000000	2200.000000	
2200.600000	2201.920000	
2203.080000	2203.080000	
2203.320000	2203.560000	
2203.880000	2205.560000	
2208.520000	2208.520000	
2210.440000	2210.440000	
2211.480000	2211.480000	
2212.920000	2212.920000	
